1	0	90670906	0.0203
1	151027387	248956422	0.018
6	0	58446387	0.0106
2	23652561	26444262	0.1003
13	47101709	51872683	0.0838
3	0	57008286	0.03
5	91957494	113044363	0.0539
6	0	25812922	0.0422
10	111163885	133797422	0.0378
10	110650777	133797422	0.0408
10	69856167	133797422	0.0171
11	0	46252592	0.018
11	0	135086622	0.0152
12	0	133275309	0.012
13	42832258	114364328	0.032
13	18051248	114364328	0.0107
13	47013287	50791130	0.0951
14	98931659	107043718	0.0582
15	19725254	101991189	0.0114
15	19725254	101991189	0.0323
16	75127407	90338345	0.0757
17	0	22743028	0.0443
18	0	14352093	0.0179
18	0	15165363	0.0496
20	38083532	51948629	0.0628
20	36401266	64444167	0.0318
20	32660463	51424333	0.1102
22	28527329	50818468	0.037
1	0	55327252	0.0286
1	0	98123136	0.0167
3	84093956	198295559	0.0454
5	0	9092530	0.0434
1	0	36420516	0.058
19	0	22935597	0.0556
2	0	88830496	0.0064
2	0	61476721	0.0434
4	187374682	190214555	0.0618
4	0	4299777	0.0675
4	0	38660438	0.0189
4	73033944	190214555	0.0169
7	101192604	103754905	0.1758
14	18173523	107043718	0.0161
7	0	50286121	0.0343
11	0	47354897	0.027
11	0	9049689	0.0297
11	111128571	135086622	0.0972
12	0	6317886	0.0477
14	32062828	107043718	0.0277
13	37094242	114364328	0.0154
13	18051248	24170687	0.0498
13	50366007	114364328	0.0185
14	18173523	107043718	0.0187
14	43772058	107043718	0.0215
14	49856168	75356453	0.0535
20	32566171	46344561	0.1712
16	84429129	90338345	0.0603
22	31869917	50818468	0.0942
17	0	22743028	0.0531
17	80272935	83257441	0.0765
21	12915808	46709983	0.0249
21	12915808	46709983	0.0216
22	32427084	50818468	0.0473
22	41019640	50818468	0.0534
22	15054318	50818468	0.0163
1	0	35984964	0.0321
1	0	104230113	0.0112
17	18156878	21599881	
1	0	99866705	0.0155
1	162250754	248956422	0.0423
3	0	2547638	0.0534
2	24813989	27057272	
2	0	21091979	0.0259
2	239567564	242193529	0.0684
2	0	86344292	0.0261
2	204302625	242193529	0.0205
18	0	80373285	0.0738
3	0	64106670	0.0154
3	0	2521802	0.0943
3	175534948	198295559	0.0241
6	92133974	170805979	0.0191
8	0	145138636	0.0139
10	112153464	133797422	0.0363
10	112386744	133797422	0.0305
11	0	23583598	0.0677
11	80582906	106042257	0.0454
11	0	50749908	0.0145
11	79508543	135086622	0.0219
12	7934492	13200985	0.0754
12	48914501	133275309	0.0109
12	65633034	133275309	0.0162
13	40894569	67115924	0.04
16	46880510	90338345	0.0275
13	50791130	74277918	0.0547
13	46228533	50926555	0.1361
13	82709050	114364328	0.0291
14	67589673	107043718	0.0218
15	19725254	101991189	0.052
15	19725254	101991189	0.045
15	19725254	101991189	0.018
15	19725254	101991189	0.0144
17	0	22693368	0.0615
18	28633122	80373285	0.0452
19	0	19744845	0.0636
20	32594006	47078312	0.0605
21	12915808	46709983	0.0199
21	20517528	46709983	0.0349
21	12915808	46709983	0.0303
22	19443873	50818468	0.04
1	17809387	30678472	0.1492
3	178574565	188324046	0.1135
6	0	21780558	0.0353
6	0	27413954	0.0274
7	22132197	50974051	0.0738
8	0	6150249	0.0201
9	88684206	138394717	0.0179
14	64817603	107043718	0.0545
13	91013934	114364328	0.087
10	118669269	133797422	0.0351
11	0	40701354	0.0321
12	51910615	133275309	0.0182
12	0	133275309	0.019
13	45679058	51910659	0.0899
14	31899646	107043718	0.0203
15	62751580	101991189	0.034
16	24882447	31805823	0.1284
17	0	22743028	0.053
18	0	2081667	0.0828
18	0	14974517	0.0059
19	48817750	58617616	0.0312
20	32299381	47733014	0.0734
21	41468245	46709983	0.0575
21	12915808	46709983	0.0198
22	28710745	31063208	
1	0	16042482	0.113
1	0	30652434	0.0248
2	24429595	26930006	0.1998
2	0	50115694	0.02
3	94802716	198295559	0.0293
4	81598489	87471259	0.1243
6	0	11774350	0.0299
6	79384454	170805979	0.0195
7	36717858	47214915	0.0568
8	52022918	145138636	0.0112
10	45019605	133797422	0.0218
11	76164985	135086622	0.0352
12	48796041	133275309	0.0193
13	18051248	114364328	0.015
14	18173523	107043718	0.0094
14	18173523	107043718	0.0185
14	18173523	107043718	0.0166
14	18173523	107043718	0.0184
14	18173523	107043718	0.0201
15	19725254	101991189	0.0107
15	19725254	101991189	0.0239
20	0	64444167	0.0328
17	44501514	83257441	0.0204
18	23736980	61401621	0.0484
18	0	80373285	0.0297
21	12915808	46709983	0.0172
20	32575763	51099580	0.0499
21	36936252	46709983	0.0219
22	15054318	50818468	0.0228
1	0	54857195	0.0512
20	0	64444167	0.0241
1	0	101977470	0.0159
2	0	74239467	0.0138
2	223436179	242193529	0.0307
3	140423083	198295559	0.0292
7	105656037	159345973	0.0276
8	0	32275366	0.0259
8	66062017	145138636	0.0321
3	103461553	198295559	0.0201
6	88335548	166497065	0.0949
18	0	9728456	0.0438
5	140989274	181538259	0.0364
5	90495441	181538259	0.0116
7	102114170	159345973	0.0202
8	47493183	145138636	0.0159
10	114113911	133797422	0.0297
11	0	45172228	0.0327
11	0	48414196	0.0248
11	73219637	135086622	0.02
12	0	133275309	0.0201
13	28534350	114364328	0.018
13	18051248	114364328	0.0089
16	49619482	90338345	0.0318
14	22823039	107043718	0.0271
14	90519124	107043718	0.0301
15	49505162	101991189	0.023
15	71750614	101991189	0.0246
15	19725254	101991189	0.0202
16	70727825	90338345	0.0249
18	56684335	80373285	0.0376
18	0	13907527	0.0506
21	38740395	46709983	0.0371
22	27390764	50818468	0.0348
22	44186940	50818468	0.0568
22	32763650	50818468	0.0231
1	0	17508246	0.0738
1	153329941	248956422	0.0267
1	0	119729854	0.0183
1	156913204	248956422	0.0271
19	0	24306883	0.0182
1	0	14279035	0.0266
2	148600244	242193529	0.0197
3	0	198295559	0.0102
3	0	151023790	0.0214
3	0	198295559	0.012
11	92823658	116829268	0.0505
8	0	15059416	0.0307
5	0	41070145	0.0198
6	148619464	170805979	0.0357
7	81682055	159345973	0.0415
8	0	145138636	0.0285
8	0	11452384	0.0242
10	93515215	133797422	0.0299
17	32917757	83257441	0.0366
10	0	8695601	0.0257
11	113075539	117002160	0.0767
11	120193272	135086622	0.0392
11	85074947	127848333	0.1004
16	46568907	54085980	0.0708
17	0	13404359	0.0413
14	18173523	107043718	0.0214
15	92855773	101991189	0.0739
15	19725254	101991189	0.0094
15	19725254	101991189	0.0208
16	80491472	88703906	0.1178
16	28590481	31512605	
16	0	4659635	0.0544
17	0	83257441	0.018
17	0	22683802	0.0462
19	0	9243785	0.0496
20	32093740	52602153	0.1903
20	34150529	64444167	0.0478
20	44706933	64444167	0.032
20	0	24842071	0.0455
20	0	22823271	0.0191
20	47733014	64444167	0.0501
21	12915808	46709983	0.036
21	12915808	46709983	0.0315
21	12915808	46709983	0.0189
21	12915808	46709983	0.0509
22	30440326	50818468	0.0325
22	15054318	29683224	0.0614
22	47484413	50818468	0.06
1	0	65175829	0.0162
8	0	42797716	0.0226
18	50640186	80373285	0.0294
2	0	24129528	0.0289
2	13054770	21304164	0.0774
3	0	198295559	0.0164
3	0	54557703	0.0178
4	111415642	190214555	0.0188
5	0	181538259	0.0136
15	57832418	101991189	0.0506
7	152545150	159345973	0.1004
11	81775702	135086622	0.0323
11	0	44896782	0.0263
11	82641365	117500848	0.1446
10	113567726	133797422	0.0292
11	0	24878082	0.0347
11	0	45526713	0.0184
11	77720184	135086622	0.0258
12	37605611	133275309	0.0209
12	0	27679129	0.0397
18	0	63087475	0.0842
13	29716810	114364328	0.013
14	18173523	107043718	0.0104
14	18173523	20816546	0.1336
15	29622621	101991189	0.022
15	19725254	101991189	0.0123
16	0	90338345	0.0121
18	0	13886729	0.0454
19	38007467	58617616	0.0441
21	20392881	46709983	0.0286
22	15054318	29314371	0.0517
1	0	93461140	0.0386
1	246231173	248956422	
4	0	190214555	0.0119
2	190768601	200682492	0.1019
1	180175953	248956422	0.0178
1	216482357	248956422	0.0297
2	235335632	242193529	0.076
18	0	14978678	0.0085
15	59386840	101991189	0.0506
3	193951733	198295559	0.0716
3	152537564	198295559	0.0228
3	0	8733609	0.0403
10	0	33903185	0.0369
4	132524194	135618041	0.1748
5	120044437	181538259	0.0142
6	142776356	170805979	0.0291
18	0	50526261	0.0619
11	0	17516992	0.0405
11	80386454	135086622	0.0301
11	0	41239483	0.0182
11	65727516	135086622	0.0336
12	0	133275309	0.017
12	0	133275309	0.0473
13	41230625	114364328	0.0197
13	48150184	50824330	0.1178
14	73368650	107043718	0.035
14	18173523	107043718	0.0131
15	19725254	101991189	0.0223
15	66668297	101991189	0.0456
16	57539454	90338345	0.037
16	0	28620264	0.0315
18	0	5128440	0.0567
20	32575763	47763321	0.0867
21	12915808	46709983	0.0207
21	12915808	46709983	0.0296
21	12915808	46709983	0.0259
22	48574333	50818468	0.0824
22	23865775	50818468	0.0228
1	0	88006877	0.0248
1	143652845	248956422	0.0135
3	94244796	198295559	0.0306
3	0	198295559	0.0298
3	118892039	198295559	0.0399
3	0	64795078	0.0209
4	0	13483396	0.033
4	55163106	190214555	0.025
4	187996177	190214555	0.0835
4	101355525	190214555	0.0176
9	91665538	98332264	0.1071
22	46899760	50818468	0.045
12	0	133275309	0.0151
13	50942169	114364328	0.0378
13	18051248	114364328	0.0147
13	49252372	51831115	0.1465
13	48679383	52692162	0.1783
21	19738313	46709983	0.0298
14	18173523	107043718	0.0122
15	96112868	101991189	0.0937
14	68653768	107043718	0.0249
14	23136764	107043718	0.0262
14	18173523	107043718	0.0153
15	60976083	101991189	0.0224
15	34801031	101991189	0.0187
18	0	80373285	0.0134
21	12915808	46709983	0.0324